  2  7  6 16| 10 12  4  3|  9 14 13  5| 11 15  1  8
  1  9 12  8| 13  7 14 11| 16  3 15 10|  6  2  4  5
  3  4 10  5| 15  8 16  9|  6  2  1 11| 13 12  7 14
 15 14 13 11|  5  2  1  6| 12  4  7  8| 16  3 10  9
------------+------------+------------+------------
 16 13  1  6|  2  5 12 15| 14  8 10  4|  7 11  9  3
 10 15  7  4| 14  3  9 16| 13  5 11 12|  1  6  8  2
 12  5  9  3|  8 13 11  7|  1  6 16  2| 10 14 15  4
 11  8  2 14|  4 10  6  1|  7  9  3 15|  5 13 16 12
------------+------------+------------+------------
 14  1 16  2|  9  4 10 13| 15 12  8  6|  3  7  5 11
  6 12  4  7|  3 11  8 14| 10 13  5  9| 15 16  2  1
  8 10  5  9|  1 16 15  2|  3 11 14  7| 12  4  6 13
 13  3 11 15|  7  6  5 12|  2  1  4 16|  8  9 14 10
------------+------------+------------+------------
  7  2  8  1| 12  9  3  5| 11 16  6 14|  4 10 13 15
  9 16 15 12|  6  1 13  8|  4 10  2  3| 14  5 11  7
  4 11 14 13| 16 15  2 10|  5  7 12  1|  9  8  3  6
  5  6  3 10| 11 14  7  4|  8 15  9 13|  2  1 12 16
