16
  2       16    12     3       13  5 11 15     8
  1    12                16  3 15     6  2     5
  3    10        8 16        2    11 13 12    14
    14           2  1  6 12     7        3     9
 16 13        2  5    15 14  8 10              3
    15                   13  5    12  1        2
     5        8 13     7       16  2    14 15   
          14    10  6  1          15  5         
       16  2  9             12  8     3     5   
    12  4       11  8    10     5  9        2   
  8     5  9  1        2                    6   
 13              6  5 12  2       16  8  9 14 10
  7     8        9       11 16             13   
    16 15 12  6  1 13  8    10  2        5     7
  4             15        5              8     6
  5     3 10 11 14  7     8 15    13  2       16
